2.825839594185189374e-01
2.849196734859075208e-01
2.872868844948690548e-01
2.896860181025865955e-01
2.921175057436868894e-01
2.945817847093348263e-01
2.970793321052442315e-01
2.996110485063518958e-01
3.021766689895228342e-01
3.047761951936066027e-01
3.074125299219209184e-01
3.100856086928046040e-01
3.127959952092580487e-01
3.155433576097603776e-01
3.183282072045626743e-01
3.211510625603335445e-01
3.240124496081311367e-01
3.269129017531144932e-01
3.298529599860242634e-01
3.328331729964650876e-01
3.358540972880221243e-01
3.389162972952468600e-01
3.420203455025413453e-01
3.451668225649840993e-01
3.483563174311226640e-01
3.515900081777251218e-01
3.548686996356054113e-01
3.581923447848681663e-01
3.615608798061157314e-01
3.649729135703869143e-01
3.684315295649421285e-01
3.719392261732706317e-01
3.755025280340344995e-01
3.791151316993954801e-01
3.827784913141766276e-01
3.864936692308803545e-01
3.902604225440652885e-01
3.940794888443916455e-01
3.979516168565433998e-01
4.018781752024370713e-01
4.058599388344679149e-01
4.098971664034086748e-01
4.139906563085690161e-01
4.181398869641675953e-01
4.223451728617728662e-01
4.266089915937867905e-01
4.309321794742413392e-01
4.353180240231566689e-01
4.397690796986883921e-01
4.442825163861701121e-01
4.488592463561672519e-01
4.535008924580253287e-01
4.582077570685508805e-01
4.629807731889247768e-01
4.678209088478398892e-01
4.727289424524809824e-01
4.777043743681518850e-01
4.827498058638718392e-01
4.878662633176840124e-01
4.930547892826041556e-01
4.983178762671885975e-01
5.036580359152245112e-01
5.090737613332970701e-01
5.145661560955286928e-01
5.201363572324448903e-01
5.257861655946460822e-01
5.315177691919069636e-01
5.373312601152814283e-01
5.432278733231568069e-01
5.492088641658992021e-01
5.552755014559687119e-01
5.614289757672663583e-01
5.676706194110041626e-01
5.740018123622547819e-01
5.804239153525649897e-01
5.869383118554861722e-01
5.935464085216074492e-01
6.002496208977992076e-01
6.070490026501924596e-01
6.139469606761355225e-01
6.209442786225207733e-01
6.280410226335102486e-01
6.352401493032736601e-01
6.425432298047494273e-01
6.499518619834151467e-01
6.574676708704669803e-01
6.650923092105949230e-01
6.728274580602877641e-01
6.806748272842388925e-01
6.886361561466471937e-01
6.967132138949911901e-01
7.049067245284861283e-01
7.132187286018298877e-01
7.216517591267888054e-01
7.302120332404540282e-01
7.388979008188116815e-01
7.477077507009264323e-01
7.566401016468782270e-01
7.657028485132647555e-01
7.748980344177958113e-01
7.842270154918604685e-01
7.936913585204111721e-01
8.032931286195573728e-01
8.130333668567079064e-01
8.229163421238845366e-01
8.329443059396770543e-01
8.431265030091574797e-01
8.534607564627689769e-01
8.639477099208390243e-01
8.745828092674301502e-01
8.853632286176815747e-01
8.963023810542551928e-01
9.073995404328032421e-01
9.186586221173463906e-01
9.300837648211321973e-01
9.416776329697966741e-01
9.534488286377149624e-01
9.654016154161596530e-01
9.775322800616323971e-01
9.898437032849213280e-01
1.002324099040417416e+00
1.014968132640849952e+00
1.027799396109938534e+00
1.040820896378378491e+00
1.054035695083167079e+00
1.067460249976910802e+00
1.081096346582742784e+00
1.094936871979393045e+00
1.108985178724566367e+00
1.123241086592102977e+00
1.137654000168645485e+00
1.152279330386069223e+00
1.167122426732479790e+00
1.182186819657150778e+00
1.197476104739745306e+00
1.212977242122314614e+00
1.228708941550376466e+00
1.244675652390621501e+00
1.260881206412796995e+00
1.277329506671140980e+00
1.294049177043516297e+00
1.311042930183647703e+00
1.328294330109053956e+00
1.345807681410730705e+00
1.363587371563758088e+00
1.381601867472365575e+00
1.399821081338777029e+00
1.418305838533641561e+00
1.437091133578664692e+00
1.456152011198087681e+00
1.475492825824882059e+00
1.495118009184480901e+00
1.515032071892208565e+00
1.535239605089499859e+00
1.555745282119994188e+00
1.576553860246620919e+00
1.597670182410836137e+00
1.619099179035202285e+00
1.640845869870542373e+00
1.662915365888934183e+00
1.685312871223863862e+00
1.708040510989781158e+00
1.731100003123384523e+00
1.754520219823400895e+00
1.778286389515436827e+00
1.802370357324502459e+00
1.826810759766472225e+00
1.851613315373670021e+00
1.876783846547034340e+00
1.902328281765815365e+00
1.928252657852607577e+00
1.954563122295297273e+00
1.981265935627595010e+00
2.008362415090006348e+00
2.035852944084580951e+00
2.063753641914411574e+00
2.092097054788271571e+00
2.120880902753457864e+00
2.150097038052863230e+00
2.179673350164565537e+00
2.209691046110746626e+00
2.240157309475902636e+00
2.271079457125071865e+00
2.302464942114441193e+00
2.334321356676839265e+00
2.366656435284384408e+00
2.399465312981011067e+00
2.432735537537128678e+00
2.466504809249894681e+00
2.500776874131033889e+00
2.535518986518405349e+00
2.570781405879823289e+00
2.606572655239561609e+00
2.642913785766191737e+00
2.679918390563543973e+00
2.717487645851758504e+00
2.755631072175935170e+00
2.794269903642400799e+00
2.833306600992733237e+00
2.872927495500096740e+00
2.913142111609954732e+00
2.953959929153286534e+00
2.995391110470198015e+00
3.037405492279367181e+00
3.080040149733238586e+00
3.123315525841756646e+00
3.167242171701427189e+00
3.211846741829550211e+00
3.257244948682363361e+00
3.303336139783455305e+00
3.350132030653775850e+00
3.397644566423998480e+00
3.445658161565618549e+00
3.494245804915419917e+00
3.543511820689718483e+00
3.593512305233833359e+00
3.644263172204559531e+00
3.695776756730077217e+00
3.748065626315536747e+00
3.801224638920682963e+00
3.855254643820877902e+00
3.910107874746163503e+00
3.965798200888664304e+00
4.022311924949745432e+00
4.079523194490255023e+00
4.137572067140845355e+00
4.196471731676894024e+00
4.256235609758593164e+00
4.316877360712971345e+00
4.378410886431249871e+00
4.440850336384745134e+00
4.504209500076415296e+00
4.568496484942765612e+00
4.633745216230766850e+00
4.699917002636812668e+00
4.767061391919796165e+00
4.835193804472400991e+00
4.904329935874576663e+00
4.974485762621583262e+00
5.045665941542509358e+00
5.117889981632628427e+00
5.191223286895169764e+00
5.265628081406772409e+00
5.341063887012466260e+00
5.417612624626370277e+00
5.495292055678494769e+00
5.574097317058208212e+00
5.654059512936532528e+00
5.735205174757962432e+00
5.817575842438584388e+00
5.901132779723963218e+00
5.985840164493272830e+00
6.071763854431060814e+00
6.158947443482032824e+00
6.247417169250695679e+00
6.337289836988500014e+00
6.428505763533523876e+00
6.521046725311427927e+00
6.614781462043895388e+00
6.709900140338096008e+00
6.806424878037997672e+00
6.904378192619383015e+00
7.003780171019704071e+00
7.104588045207261615e+00
7.206888740963333539e+00
7.310706238143293234e+00
7.416077317395350477e+00
7.523097035158787804e+00
7.631715256585184015e+00
7.741958025906724217e+00
7.853539635587092782e+00
7.966699032317173135e+00
8.081479056349859746e+00
8.197934377226742342e+00
8.316114640820048365e+00
8.436047574658950055e+00
8.557835789476323285e+00
8.681573317734990525e+00
8.807164137527635717e+00
8.934638596068076311e+00
9.063860143071108766e+00
9.194523970258906331e+00
9.327106330820905455e+00
9.461653072087331751e+00
9.598195785672299252e+00
9.736920803005855163e+00
9.877812126584824881e+00
1.002080445885825100e+01
1.016582204542873313e+01
1.031293099727337648e+01
1.046178450596683263e+01
1.061284886029547714e+01
1.076615977011157987e+01
1.092189212926768427e+01
1.107990108753454450e+01
1.124018999457233292e+01
1.140275815170734219e+01
1.156769827713246812e+01
1.173504749902860844e+01
1.190484359534472247e+01
1.207711550509055165e+01
1.225191762180538646e+01
1.242920151023657205e+01
1.260906509262812492e+01
1.279154856429569875e+01
1.297669281933473151e+01
1.316453946469914627e+01
1.335513083461327000e+01
1.354851000532610428e+01
1.374472081021731107e+01
1.394380785526477418e+01
1.414570532027795480e+01
1.435051337217343459e+01
1.455847496819404085e+01
1.476942622836743624e+01
1.498320516681129888e+01
1.520009838827786908e+01
1.542015451519445079e+01
1.564342294873819483e+01
1.586995407059144725e+01
1.609979910307352924e+01
1.633301016283412110e+01
1.656964028540662781e+01
1.680974344405302645e+01
1.705335094972019405e+01
1.730043291872286204e+01
1.755114299420909418e+01
1.780560997659785372e+01
1.806409157387611941e+01
1.832640732637819880e+01
1.859235597964807951e+01
1.886180085883509605e+01
1.913520729795168762e+01
1.941263815255176439e+01
1.969415740161361938e+01
1.997983017098763980e+01
2.026949367246677980e+01
2.056341274589266988e+01
2.086160700928021328e+01
2.116402375107928435e+01
2.147142519110751024e+01
2.178339397640410269e+01
2.210000383506002919e+01
2.242071608404767602e+01
2.274546846273188194e+01
2.307499566021953541e+01
2.340937344465260850e+01
2.374867893889311432e+01
2.409299064882181085e+01
2.444238849233309452e+01
2.479695382904648326e+01
2.515667819401305749e+01
2.552151587380814135e+01
2.589175395313143468e+01
2.626746935692332841e+01
2.664875868567010286e+01
2.703612086342749876e+01
2.742968861465102037e+01
2.782915932253713009e+01
2.823462989183671112e+01
2.864595626315825427e+01
2.906193350934063346e+01
2.948410226180834215e+01
2.991256286161457112e+01
3.034717855820402832e+01
3.078819994830041296e+01
3.123575997155832695e+01
3.168926296187127534e+01
3.214952003486693854e+01
3.261694354653737093e+01
3.309187276606179751e+01
3.357393835948222716e+01
3.406325780094992695e+01
3.455995077978688812e+01
3.506359035499317400e+01
3.557328417273511434e+01
3.609060585275513233e+01
3.661604419212821426e+01
3.714945899759070613e+01
3.769074648959863083e+01
3.824003235863463601e+01
3.879744456077816750e+01
3.936311336541967165e+01
3.993717140415608213e+01
4.051972798342257676e+01
4.111096885559751257e+01
4.171087525936576412e+01
4.231969346913142971e+01
4.293756735359126964e+01
4.356464341743567559e+01
4.420107085798025537e+01
4.484700162322809547e+01
4.550246913212403399e+01
4.616773320535514813e+01
4.684331701853873398e+01
4.752869615450305929e+01
4.822390974400013874e+01
4.892949605966622784e+01
4.964552451580784265e+01
5.037222200217706103e+01
5.110975908136300916e+01
5.185839873857820237e+01
5.261850604559600697e+01
5.339007081702128232e+01
5.417281608580599084e+01
5.496727950830621978e+01
5.577361887269732676e+01
5.659212099140769681e+01
5.742300515579982090e+01
5.826672935604787540e+01
5.912326298682044978e+01
5.999268435473879890e+01
6.087473244773245540e+01
6.177018054037330330e+01
6.267925320796577182e+01
6.360244129796659962e+01
6.453988357708051637e+01
6.549168518052027821e+01
6.645738479144438315e+01
6.743694431437675973e+01
6.843147724462812675e+01
6.944123702521896746e+01
7.046639008021243455e+01
7.150718085885304731e+01
7.256397432330658148e+01
7.363704392238045671e+01
7.472683025460837314e+01
7.583381826570318651e+01
7.695797243343808702e+01
7.809959006647696356e+01
7.925853551136894737e+01
8.043459694482146460e+01
8.162834395692664202e+01
8.284065272057077323e+01
8.407159464268133320e+01
8.532143431900681207e+01
8.659223048736532746e+01
8.788388970317362237e+01
8.919592072072720157e+01
9.052859976756514016e+01
9.188086552081112757e+01
9.325080359715681766e+01
9.464226871094314220e+01
9.605564163971835967e+01
9.749147170776876692e+01
9.895055561556934265e+01
1.004327176786515281e+02
1.019379752154074765e+02
1.034667518541661764e+02
1.050191373082871564e+02
1.065954836975555367e+02
1.081969806573546293e+02
1.098246443491966602e+02
1.114785717335440012e+02
1.131590893806434366e+02
1.148666843981427519e+02
1.166018544704030973e+02
1.183639130780729971e+02
1.201544277939064074e+02
1.219743306525173523e+02
1.238235726314047156e+02
1.257026939385480233e+02
1.276122457572576820e+02
1.295527913300497289e+02
1.315249062735682628e+02
1.335291789031129213e+02
1.355662105671029281e+02
1.376366159918235894e+02
1.397410236368139067e+02
1.418801282522501026e+02
1.440544569647217372e+02
1.462648373390458687e+02
1.485120566595621199e+02
1.507966784547424481e+02
1.531194233837741194e+02
1.554810287218998042e+02
1.578822488180824735e+02
1.603238555673444807e+02
1.628066388983147306e+02
1.653314072765371918e+02
1.678989882241199041e+02
1.705099022926327166e+02
1.731640118508199748e+02
1.758633473439745671e+02
1.786119634164606111e+02
1.814089619412739580e+02
1.842512095082304029e+02
1.871371142361640807e+02
1.900725749238577862e+02
1.930588403715287029e+02
1.960967280232747498e+02
1.991872681528384987e+02
2.023315796432270872e+02
2.055307336601671011e+02
2.087858491654495197e+02
2.120980038562749996e+02
2.154683909720596944e+02
2.188982841156750965e+02
2.223890236673871073e+02
2.259420077433171627e+02
2.295583554246871927e+02
2.332394114672678711e+02
2.369865542056397487e+02
2.408011980100700384e+02
2.446847940753042394e+02
2.486388314970531610e+02
2.526656495471236781e+02
2.567661404313732874e+02
2.609418494265714799e+02
2.651944324774595430e+02
2.695236989287296296e+02
2.739326749411662831e+02
2.784235829428610032e+02
2.829982570263107959e+02
2.876612783454148143e+02
2.924144781764895242e+02
2.972576265905640867e+02
3.021948124072494011e+02
3.072162357310867833e+02
3.123332572347644032e+02
3.175482067012917469e+02
3.228626095423933862e+02
3.282744657551249361e+02
3.337908746401492976e+02
3.394142923117463511e+02
3.451472452635951527e+02
3.509959947168517260e+02
3.569728804474173671e+02
3.630684416878639809e+02
3.692855600302292487e+02
3.756272024601407225e+02
3.820931198767136152e+02
3.886825098459443097e+02
3.954051906186205088e+02
4.022550233059372431e+02
4.092403149405453746e+02
4.163682590859947936e+02
4.236645994017942485e+02
4.311134937586135152e+02
4.387240134537687481e+02
4.465264893018657517e+02
4.544974020965496493e+02
4.626387451046130082e+02
4.709550318196845069e+02
4.794509215897540457e+02
4.880828296308440031e+02
4.968619190760683182e+02
5.058280863829998566e+02
5.149880026130764463e+02
5.243468638083426185e+02
5.339100361413150040e+02
5.436839490447594017e+02
5.536787053603254662e+02
5.638997923302964637e+02
5.743491647703227727e+02
5.850331749737526934e+02
5.959640323062192238e+02
6.071415239622938316e+02
6.185706042152866075e+02
6.302804658236258319e+02
6.422613218468562764e+02
6.545210107414301319e+02
6.670559344336444383e+02
6.798710944272838788e+02
6.929963636553441120e+02
7.064419542133375671e+02
7.202092285602029733e+02
7.343124265762465939e+02
7.488107243511828983e+02
7.636624772184244421e+02
7.788784969192138306e+02
7.944699970304244516e+02
8.104489549263990966e+02
8.268280677872168098e+02
8.436214971834795051e+02
8.608408450452795933e+02
8.784996860683909290e+02
8.966121194412669411e+02
9.151948327492032149e+02
9.342578983926221099e+02
9.538235183449546639e+02
9.739131531333282510e+02
9.945404030558236173e+02
1.015726180095874156e+03
1.037483648966136570e+03
1.059818418712900439e+03
1.082777378717205011e+03
1.106391136410521995e+03
1.130663184384956594e+03
1.155616606757947693e+03
1.181275462844976346e+03
1.207652563826616642e+03
1.234773063656481099e+03
1.262685171136944291e+03
1.291460314725654371e+03
1.321082017357078485e+03
1.351508758974133798e+03
1.382777156043239756e+03
1.414997908134644604e+03
1.448185858490426654e+03
