8.842301733427454513e-03
8.839353913867304194e-03
8.830514445086734207e-03
8.815795291762608399e-03
8.795216378283456440e-03
8.768805563651442536e-03
8.736598606367529038e-03
8.698639119322556373e-03
8.654978514723125904e-03
8.605675939088053977e-03
8.550798198357490235e-03
8.490419673163714792e-03
8.424622224319142788e-03
8.353495088584073081e-03
8.277134764783580442e-03
8.195644890349918985e-03
8.109136108373903029e-03
8.017725925256111164e-03
7.921538559055777903e-03
7.820704778642946498e-03
7.715361733766809907e-03
7.605652776160797164e-03
7.491727271812806746e-03
7.373740404536612697e-03
7.251852970988564330e-03
7.126231167281475362e-03
6.997046367355758481e-03
6.864474893275861883e-03
6.728697777628110839e-03
6.589900518204224421e-03
6.448272825162686128e-03
6.304008360868255251e-03
6.157304472617633126e-03
6.008361918467192316e-03
5.857384586385972966e-03
5.704579206964667179e-03
5.550155059918064626e-03
5.394323674625113064e-03
5.237298524956759960e-03
5.079294718647337642e-03
4.920528681469931234e-03
4.761217836480360552e-03
4.601580278597374417e-03
4.441834444788527597e-03
4.282198780133533375e-03
4.122891400024532652e-03
3.964129748795358447e-03
3.806130255005405263e-03
3.649107983661023687e-03
3.493276285606252644e-03
3.338846444315504876e-03
3.186027320300773014e-03
3.035024993323743019e-03
2.886042402574937916e-03
2.739278984947462938e-03
2.594930311490204356e-03
2.453187722073244415e-03
2.314237958234706665e-03
2.178262794100987044e-03
2.045438665178427214e-03
1.915936294700318213e-03
1.789920317074268933e-03
1.667548897805720210e-03
1.548973349069028603e-03
1.434337739828005004e-03
1.323778499151519444e-03
1.217424010890485282e-03
1.115394197518857411e-03
1.017800090289026384e-03
9.247433821594544783e-04
8.363159590596592899e-04
7.525994039624605506e-04
6.736644668933180948e-04
5.995704923878647551e-04
5.303647940027449202e-04
4.660819633208169131e-04
4.067430987293605077e-04
3.523549373411442994e-04
3.029088731112852644e-04
2.583798471379479393e-04
2.187251064399205343e-04
1.838828515914950063e-04
1.537708405181953950e-04
1.282850900886860863e-04
1.072988839050348061e-04
9.066214394355297994e-05
7.819995389107585666e-05
6.970272995798482260e-05
6.486510241916765285e-05
6.231295213709502003e-05
