3.066884160802685333e-01
3.092822530911508716e-01
3.119092659198068329e-01
3.145698557398994843e-01
3.172644279597409689e-01
3.199933922502384287e-01
3.227571625725254023e-01
3.255561572052636521e-01
3.283907987715894983e-01
3.312615142656974987e-01
3.341687350790265576e-01
3.371128970260378610e-01
3.400944403695568274e-01
3.431138098456616436e-01
3.461714546880909626e-01
3.492678286521524456e-01
3.524033900381018936e-01
3.555786017139788147e-01
3.587939311378621765e-01
3.620483886426867914e-01
3.653407046363525978e-01
3.686758849918331249e-01
3.720544682003787407e-01
3.754769989876632907e-01
3.789440283713125246e-01
3.824561137185354398e-01
3.860138188038414464e-01
3.896177138668288631e-01
3.932683756700275368e-01
3.969663875567784883e-01
4.007123395091343188e-01
4.045083775189621256e-01
4.083546338928417674e-01
4.122437614864769562e-01
4.161960476850857793e-01
4.202042051565076375e-01
4.242659352901518299e-01
4.283819492589844291e-01
4.325529675460227930e-01
4.367797200627164811e-01
4.410629462687434277e-01
4.454033952932283658e-01
4.498018260574049298e-01
4.542590073987307075e-01
4.587757181964722819e-01
4.633527474987764183e-01
4.679908946512368884e-01
4.726909694269779694e-01
4.774537921582639455e-01
4.822801938696536506e-01
4.871710164127126541e-01
4.921271126022996878e-01
4.971493463544382485e-01
5.022470600926575157e-01
5.074196457798872961e-01
5.126623259798852583e-01
5.179760572708842492e-01
5.233618094675218657e-01
5.288205658089095706e-01
5.343533231495103397e-01
5.399610921528590346e-01
5.456448974881845659e-01
5.514057780299682632e-01
5.572447870604978482e-01
5.631629924754535388e-01
5.691614769925826822e-01
5.752413383635082145e-01
5.814036895887840783e-01
5.876496591360894639e-01
5.939803911617904664e-01
6.003970457358341895e-01
6.069007990700487909e-01
6.134928437499012066e-01
6.201817324103231499e-01
6.269621558054969679e-01
6.338350725124738405e-01
6.408017613357703812e-01
6.478545639027981640e-01
6.549920851344264161e-01
6.622260332137890337e-01
6.695577159917758259e-01
6.769884591940646956e-01
6.845440104077082921e-01
6.922216633132176611e-01
7.000051535686272475e-01
7.078959745404689308e-01
7.158956415964952136e-01
7.240056924546671713e-01
7.322276875383220140e-01
7.405632103376487141e-01
7.490138677776017051e-01
7.575812905923831053e-01
7.662671337066330191e-01
7.750730766234551483e-01
7.840008238194287049e-01
7.930521051467518401e-01
8.022286762426518170e-01
8.115323189462315678e-01
8.209648417228907480e-01
8.305280800964938148e-01
8.402238970894360115e-01
8.500541836707816712e-01
8.600208592126481477e-01
8.701258719549973542e-01
8.803711994790215378e-01
8.907588491893205784e-01
9.012908588050196901e-01
9.119692968600703331e-01
9.227962632128892118e-01
9.337738895655631755e-01
9.449032833714081647e-01
9.561856630153400260e-01
9.676251345528823489e-01
9.792295656352234534e-01
9.909966275888517639e-01
1.002928639517519871e+00
1.015028003936807144e+00
1.027297160804623966e+00
1.039738588170153966e+00
1.052354802835735459e+00
1.065148361031981405e+00
1.078121859106445202e+00
1.091277934226151825e+00
1.104619265094312297e+00
1.118148572681558983e+00
1.131868620972042327e+00
1.145782217724742313e+00
1.159892215250346581e+00
1.174201511204078008e+00
1.188713049394843235e+00
1.203429820611093382e+00
1.218354863463803950e+00
1.233491265246977164e+00
1.248842162816099943e+00
1.264410743484982502e+00
1.280200245941436332e+00
1.296213961182240748e+00
1.312455233467874738e+00
1.328927461297499280e+00
1.345634098404691503e+00
1.362578654774438514e+00
1.379764697681920449e+00
1.397195852753631451e+00
1.414875805051378777e+00
1.432808300179757133e+00
1.450997145417666445e+00
1.469436573535292334e+00
1.488135636485434121e+00
1.507101648769386903e+00
1.526353731510452949e+00
1.545901248238433778e+00
1.565730868478025339e+00
1.585825627431407314e+00
1.606158768255765867e+00
1.626781463690581520e+00
1.647698055490153468e+00
1.668912956457670349e+00
1.690430651766708259e+00
1.712255700311403839e+00
1.734392736086026954e+00
1.756846469594699034e+00
1.779621689292005815e+00
1.802723263055338920e+00
1.826156139689709246e+00
1.849925350465929430e+00
1.874036010692970766e+00
1.898493321325436911e+00
1.923302570606998385e+00
1.948469135750768633e+00
1.973998484657584651e+00
1.999896177673151421e+00
2.026167869385098186e+00
2.052819310461010627e+00
2.079856349528480308e+00
2.107284935098315160e+00
2.135111117532078495e+00
2.163341051055086339e+00
2.191980995816135369e+00
2.221037319995191162e+00
2.250478926980131966e+00
2.280329935461979929e+00
2.310613661619089321e+00
2.341336803526886001e+00
2.372506174543376645e+00
2.404198905771429473e+00
2.436432887755130672e+00
2.469143068886067383e+00
2.502337067833921846e+00
2.536022641181707726e+00
2.570081541889940979e+00
2.604449574253807853e+00
2.639297477178037532e+00
2.674582035924882639e+00
2.710374587127724944e+00
2.746721504719768170e+00
2.783653840742539298e+00
2.821115400302912413e+00
2.859114207487575055e+00
2.897658420019373793e+00
2.936756331801504860e+00
2.976416375518318169e+00
3.016647125294166898e+00
3.057457299411832086e+00
3.098855763092052573e+00
3.140851531335764335e+00
3.183453771830681234e+00
3.226671807923896296e+00
3.270515121662268321e+00
3.314993356902350197e+00
3.360116322491736529e+00
3.405893995523693984e+00
3.452320290883433174e+00
3.499400685777963815e+00
3.547214416039457863e+00
3.595761441441412742e+00
3.644880192945242126e+00
3.694666951101615027e+00
3.745167179026456239e+00
3.796391698251413871e+00
3.848351510741585546e+00
3.901057802340025304e+00
3.954521946289299983e+00
4.008755506832013538e+00
4.063770242892464246e+00
4.119578111841451395e+00
4.176191273346502086e+00
4.233622093309710621e+00
4.291883147895554806e+00
4.350987227651030409e+00
4.410947341720572012e+00
4.471776722158343098e+00
4.533488828340423105e+00
4.596097351479629722e+00
4.659616219245766189e+00
4.724059600494069144e+00
4.789441910104896394e+00
4.855777813937571352e+00
4.923082233901677540e+00
4.991370353148800731e+00
5.060657621388260807e+00
5.130862027488744204e+00
5.202013138398140057e+00
5.274171013183664769e+00
5.347279128019693850e+00
5.421445014147107777e+00
5.496685012917660984e+00
5.573015746889023347e+00
5.650686449376216558e+00
5.729587608600589910e+00
5.809652498216841821e+00
5.890899624800087331e+00
5.972908571255691967e+00
6.055835180934550976e+00
6.139954819294695554e+00
6.225285711580714754e+00
6.311846390522873662e+00
6.399654968856040682e+00
6.488731082255073446e+00
6.579094378046259628e+00
6.670764672476272139e+00
6.763762120100493824e+00
6.858107220447912766e+00
6.953820824840357240e+00
7.050924143370133734e+00
7.149438752040351730e+00
7.249386600072263320e+00
7.350903571683635285e+00
7.453903216582257407e+00
7.558391390653429909e+00
7.664391006643199944e+00
7.771925368095962128e+00
7.881018177032734329e+00
7.991693541806196954e+00
8.103967264358214351e+00
8.217865135282883315e+00
8.333409494532142858e+00
8.450490600871475522e+00
8.569244941917924407e+00
8.689697771565448647e+00
8.811874761465738004e+00
8.935802008918765083e+00
9.061506044937662097e+00
9.189013842492435913e+00
9.318352824937164769e+00
9.449550874625337826e+00
9.582636341718334450e+00
9.717638053191990366e+00
9.854585322046508722e+00
9.993507956724933194e+00
1.013427629826608722e+01
1.027704234710300923e+01
1.042185497269257333e+01
1.056874522708675102e+01
1.071774468007098946e+01
1.086888542903579236e+01
1.102220010906830794e+01
1.117772190326946102e+01
1.133548455330269178e+01
1.149552237023008239e+01
1.165787024546814798e+01
1.182256366203044706e+01
1.198963870617015992e+01
1.215913207913744287e+01
1.233108110925014955e+01
1.250542804703485089e+01
1.268214079451621679e+01
1.286140425795252185e+01
1.304325762168023672e+01
1.322818292062314782e+01
1.341602873203208546e+01
1.360663768859282285e+01
1.379956657991705171e+01
1.399440772725512261e+01
1.419204270726381623e+01
1.439251394098097236e+01
1.459586455799083993e+01
1.480213840998288433e+01
1.501138008461461837e+01
1.522363491968641114e+01
1.543894901763618499e+01
1.565736926036280963e+01
1.587894332438641953e+01
1.610371969635487943e+01
1.633174768890530260e+01
1.656307745689053945e+01
1.679776001397963370e+01
1.703584724964296981e+01
1.727739194653212706e+01
1.752244779826494891e+01
1.777106942762729958e+01
1.802331240520216937e+01
1.827923326843820107e+01
1.853888954116975185e+01
1.880233975360024345e+01
1.906960437585616575e+01
1.934022717877162734e+01
1.961479015641602430e+01
1.989335477213652226e+01
2.017598355980290847e+01
2.046274014542608910e+01
2.075487990236826263e+01
2.105174000014498858e+01
2.135302066576088720e+01
2.165879362357838289e+01
2.196913192481423494e+01
2.228183870614976669e+01
2.259827785317452609e+01
2.291922586769909387e+01
2.324475042078725906e+01
2.357492029220144047e+01
2.390980539104487690e+01
2.424947677685163328e+01
2.459400668113589461e+01
2.494346852941194825e+01
2.529793696369713629e+01
2.565748786550944516e+01
2.602219837937317237e+01
2.639214693684490598e+01
2.676741328107380014e+01
2.714807849190946953e+01
2.753422501157193736e+01
2.792593667089814602e+01
2.832329871617994499e+01
2.872639783660932622e+01
2.913532219234620158e+01
2.954990866083960555e+01
2.997040432599760962e+01
3.039747563837735811e+01
3.083104265920198372e+01
3.127002496181252766e+01
3.171460850581775404e+01
3.216554746674881216e+01
3.262293781122131264e+01
3.308687709445347025e+01
3.355746449029512490e+01
3.403480082192078271e+01
3.451898859320339596e+01
3.501013202078695485e+01
3.550833706687588176e+01
3.601371147275947493e+01
3.652636479309107642e+01
3.704640843094128400e+01
3.757395567364589795e+01
3.810912172946892440e+01
3.865202376510315219e+01
3.920278094402954139e+01
3.976151446575862280e+01
4.032834760597767598e+01
4.090340575762762398e+01
4.148681647293489760e+01
4.207870950642383434e+01
4.267921685893580275e+01
4.328847282268358754e+01
4.390661402736773056e+01
4.453377948738479120e+01
4.516950714597864902e+01
4.581421375814231567e+01
4.646779537235325108e+01
4.712976626014386738e+01
4.780186915928169356e+01
4.848537710941583612e+01
4.917890223240637226e+01
4.988260224149665589e+01
5.059663762373877205e+01
5.131684966370904988e+01
5.204691482325688412e+01
5.278749780042406314e+01
5.353875965165977391e+01
5.430086416008337835e+01
5.507397788862036236e+01
5.585827023435285099e+01
5.665391348411912276e+01
5.746108287139405491e+01
5.828031997101813033e+01
5.911244076195740149e+01
5.995656855203965563e+01
6.081288765729036072e+01
6.168158552399003725e+01
6.256285278983351361e+01
6.345688334648934870e+01
6.436387440359588652e+01
6.528402655423215606e+01
6.621754384190313658e+01
6.716463382908000312e+01
6.812550766733698993e+01
6.910028384665656631e+01
7.008898690265304765e+01
7.109288752009776147e+01
7.211059497385079453e+01
7.314226452831422876e+01
7.418885216698855345e+01
7.525058779657111074e+01
7.632770525393632965e+01
7.742044238364503883e+01
7.852904111724809866e+01
7.965374755443230015e+01
8.079481204605798439e+01
8.195248927913934267e+01
8.312703836382115696e+01
8.431872292240473143e+01
8.552781118047975895e+01
8.675457606022010282e+01
8.799929527590236944e+01
8.926225143170847787e+01
9.054373212187616105e+01
9.184403003326204384e+01
9.316344305038390416e+01
9.450213110317466203e+01
9.585902570398911848e+01
9.723581571274529267e+01
9.863281521021833953e+01
1.000503438446915823e+02
1.014887269468303117e+02
1.029482956473379716e+02
1.044293869974771383e+02
1.059322348166825094e+02
1.074563197584465115e+02
1.090028938052278988e+02
1.105723160435836547e+02
1.121650838573235944e+02
1.137841197264353781e+02
1.154273667062376774e+02
1.170951782045852383e+02
1.187851747306263235e+02
1.204970090476407591e+02
1.222341954350537776e+02
1.239971410918465722e+02
1.257862606245533357e+02
1.276019762051124928e+02
1.294447177326747465e+02
1.313149229994839118e+02
1.332130378609478498e+02
1.351395164100225372e+02
1.370948211560321965e+02
1.390794232080606037e+02
1.410938024630424650e+02
1.431384477986966886e+02
1.452138572714440272e+02
1.473205383194594731e+02
1.494590079710052635e+02
1.516297930582139202e+02
1.538334304364725540e+02
1.560704672095872638e+02
1.583414609608966259e+02
1.606469799905162859e+02
1.629864520608968803e+02
1.653576804168936860e+02
1.677649058882433337e+02
1.702087310480919768e+02
1.726897700945865779e+02
1.752086491161536230e+02
1.777663255121852615e+02
1.803623438858417671e+02
1.829972250462473085e+02
1.856716045016244721e+02
1.883861296195245814e+02
1.911414598871270414e+02
1.939382671782551597e+02
1.967772360273073673e+02
1.996590639103089018e+02
2.025844615332983096e+02
2.055541531282652272e+02
2.085688767568695994e+02
2.116293846221757917e+02
2.147364433886428401e+02
2.178908345106240176e+02
2.210933545696325382e+02
2.243448156206439421e+02
2.276460455477093774e+02
2.309978884291715531e+02
2.344012049127724140e+02
2.378568726009681313e+02
2.413657864467627974e+02
2.449288591603910277e+02
2.485470216271921231e+02
2.522195549748340682e+02
2.559487588952942474e+02
2.597375754099145979e+02
2.635881833833258270e+02
2.674990878491239528e+02
2.714620397975372725e+02
2.754861325225519977e+02
2.795727777859156049e+02
2.837230631541070238e+02
2.879380982720579709e+02
2.922190153962570207e+02
2.965669699429622028e+02
3.009831410520063173e+02
3.054687321666999651e+02
3.100249716303636660e+02
3.146531133000274281e+02
3.193544371778639288e+02
3.241302500609381241e+02
3.289818862098819636e+02
3.339107080371185816e+02
3.389181068152922762e+02
3.440055034065781001e+02
3.491743490135660863e+02
3.544261259524619732e+02
3.597623484493425394e+02
3.651845634602604491e+02
3.706943515160056677e+02
3.762933275923680867e+02
3.819825812055438519e+02
3.877614250161077507e+02
3.936342747171809151e+02
3.996028827208180587e+02
4.056690403012626120e+02
4.118408273507972126e+02
4.181172200862666841e+02
4.244930731695324653e+02
4.309596066480223158e+02
4.375319750746749605e+02
4.442121683867495108e+02
4.510022210841534616e+02
4.579042134212745054e+02
4.649202726359822577e+02
4.720525742171206502e+02
4.793033432118563724e+02
4.866748555743034217e+02
4.941694395569055587e+02
5.017894771461106984e+02
5.095374055439346535e+02
5.174157186970803650e+02
5.254269688753421406e+02
5.335737683010862611e+02
5.418587908316949324e+02
5.502847736969101788e+02
5.588545192931126167e+02
5.675708970366440553e+02
5.764368452783786552e+02
5.854553732818271783e+02
5.946293476229242287e+02
6.039620971308164599e+02
6.134572536686428066e+02
6.231180036946839209e+02
6.329470441182395462e+02
6.429475803157031351e+02
6.531238313311221191e+02
6.634794492156147498e+02
6.740181778598183655e+02
6.847438557500697698e+02
6.956604188204055390e+02
7.067719034041267605e+02
7.180824492888724535e+02
7.295963028792835985e+02
7.413178204715507036e+02
7.532514716443001817e+02
7.654018427704817213e+02
7.777736406551487107e+02
7.903716963041892996e+02
8.032009688293684349e+02
8.162665494951856999e+02
8.295736659134189495e+02
8.431276863913744819e+02
8.569341244402298798e+02
8.709986434500884798e+02
8.853270615387150428e+02
8.999283832361390978e+02
9.148171724279619639e+02
